10.90000 2.12725 0.07284
10.70000 2.44462 0.09204
9.00000 -3.85770 -0.28925
10.70000 3.44462 0.15254
10.30000 0.07937 -0.05106
14.60000 9.25583 0.50412
9.40000 0.50755 -0.02515
12.70000 1.27089 0.02103
8.10000 -4.42952 -0.32385
13.80000 8.52533 0.45993
9.60000 -2.80982 -0.22585
11.20000 1.65119 0.04404
9.40000 1.50755 0.03535
8.90000 -3.69901 -0.27965
17.00000 11.44735 0.63671
9.00000 -2.85770 -0.22875
9.50000 -0.65113 -0.09525
7.80000 -2.95346 -0.23454
15.40000 10.98634 0.60882
13.60000 5.84270 0.29763
12.20000 4.06432 0.19003
11.50000 2.17513 0.07574
10.50000 35.76200 2.10775
12.60000 7.42957 0.39363
9.00000 -2.85770 -0.22875
9.00000 -2.85770 -0.22875
11.10000 2.80988 0.11414
13.10000 6.63614 0.34563
14.80000 7.93846 0.42442
18.60000 15.90836 0.90660
13.40000 5.16008 0.25633
13.50000 7.00139 0.36773
12.70000 6.27089 0.32353
8.80000 -2.54033 -0.20955
12.00000 5.38169 0.26974
14.50000 5.41452 0.27172
9.40000 -0.49245 -0.08565
13.90000 6.36664 0.32933
13.30000 10.31876 0.56843
9.20000 -1.17507 -0.12695
14.30000 9.73190 0.53293
13.90000 4.36664 0.20833
15.00000 9.62109 0.52622
10.60000 1.60331 0.04114
11.00000 0.96856 0.00274
8.30000 -1.74689 -0.16155
11.50000 6.17513 0.31774
10.80000 1.28594 0.02194
9.40000 -0.49245 -0.08565
9.50000 -2.65113 -0.21625
8.00000 -4.27083 -0.31424
13.00000 4.79482 0.23423
12.90000 5.95351 0.30433
6.60000 -4.04921 -0.30084
14.70000 14.09715 0.79702
14.90000 7.77977 0.41482
9.80000 32.87281 1.93296
9.90000 32.71412 1.92336
19.70000 16.16280 0.92200
12.80000 5.11220 0.25343
9.40000 -3.49245 -0.26715
7.60000 -3.63608 -0.27584
14.00000 6.20796 0.31973
8.90000 -2.69901 -0.21915
11.20000 2.65119 0.10454
14.00000 6.20796 0.31973
7.90000 -5.11214 -0.36514
8.60000 -4.22295 -0.31135
10.60000 4.60331 0.22264
11.50000 0.17513 -0.04526
9.30000 -3.33376 -0.25755
10.10000 -1.60326 -0.15286
13.90000 6.36664 0.32933
19.20000 -115.04376 -7.01604
14.00000 6.20796 0.31973
9.20000 -2.17507 -0.18745
9.60000 -1.80982 -0.16535
9.60000 -1.80982 -0.16535
10.40000 3.92068 0.18134
11.50000 2.17513 0.07574
12.90000 2.95351 0.12283
9.20000 -0.17507 -0.06645
8.40000 -2.90558 -0.23165
9.40000 -0.49245 -0.08565
11.80000 1.69907 0.04694
16.20000 10.71684 0.59251
8.40000 -4.90558 -0.35265
9.80000 -1.12719 -0.12405
10.50000 1.76200 0.05074
8.40000 -2.90558 -0.23165
16.60000 -106.91790 -6.52443
7.20000 -4.00134 -0.29794
4.70000 -10.03416 -0.66293
11.60000 1.01644 0.00564
11.00000 2.96856 0.12374
10.80000 1.28594 0.02194
16.70000 8.92341 0.48401
9.00000 -1.85770 -0.16825
7.10000 -6.84265 -0.46984
12.70000 6.27089 0.32353
9.70000 1.03149 0.00655
19.20000 -115.04376 -7.01604
9.90000 -0.28588 -0.07315
9.70000 -1.96851 -0.17495
6.70000 -7.20790 -0.49194
9.50000 -1.65113 -0.15575
8.00000 -3.27083 -0.25374
10.50000 1.76200 0.05074
9.30000 -3.33376 -0.25755
9.80000 33.87281 1.99346
16.00000 9.03422 0.49072
10.40000 -1.07932 -0.12116
12.40000 4.74695 0.23133
12.20000 3.06432 0.12953
12.30000 4.90563 0.24093
10.10000 35.39674 2.08566
10.20000 -0.76194 -0.10196
13.80000 7.52533 0.39943
12.20000 2.06432 0.06903
8.70000 -1.38164 -0.13945
11.20000 1.65119 0.04404
13.90000 4.36664 0.20833
9.70000 -0.96851 -0.11445
7.90000 -2.11214 -0.18364
13.30000 8.31876 0.44743
11.20000 1.65119 0.04404
10.20000 1.23806 0.01905
13.80000 6.52533 0.33893
15.70000 6.51028 0.33802
9.80000 -0.12719 -0.06355
13.00000 8.79482 0.47623
8.70000 -3.38164 -0.26045
7.80000 -4.95346 -0.35554
8.90000 -1.69901 -0.15865
11.10000 2.80988 0.11414
11.60000 2.01644 0.06614
8.90000 -4.69901 -0.34015
12.20000 3.06432 0.12953
10.70000 1.44462 0.03154
13.30000 10.31876 0.56843
10.30000 0.07937 -0.05106
11.60000 6.01644 0.30814
12.70000 6.27089 0.32353
7.80000 -4.95346 -0.35554
7.90000 -3.11214 -0.24414
11.80000 3.69907 0.16794
7.60000 -3.63608 -0.27584
12.30000 4.90563 0.24093
9.70000 -3.96851 -0.29595
9.80000 -0.12719 -0.06355
10.10000 -0.60326 -0.09235
13.70000 6.68402 0.34853
10.80000 3.28594 0.14294
13.80000 5.52533 0.27843
9.50000 -2.65113 -0.21625
9.00000 -3.85770 -0.28925
7.80000 -5.95346 -0.41604
6.50000 -7.89053 -0.53324
8.50000 -2.06427 -0.18075
13.20000 4.47745 0.21503
12.00000 3.38169 0.14874
14.00000 6.20796 0.31973
9.80000 -0.12719 -0.06355
9.10000 -3.01639 -0.23835
10.40000 0.92068 -0.00016
11.00000 1.96856 0.06324
11.30000 1.49250 0.03444
7.30000 -5.16002 -0.36804
9.70000 0.03149 -0.05395
12.10000 4.22301 0.19964
10.50000 35.76200 2.10775
8.70000 -3.38164 -0.26045
11.30000 2.49250 0.09494
9.80000 33.87281 1.99346
13.10000 5.63614 0.28513
8.30000 -3.74689 -0.28255
10.90000 2.12725 0.07284
13.90000 7.36664 0.38983
12.30000 5.90563 0.30144
8.10000 -3.42952 -0.26334
7.90000 -4.11214 -0.30464
7.70000 -4.79477 -0.34594
7.80000 -5.95346 -0.41604
11.90000 4.54038 0.21884
10.00000 -1.44457 -0.14325
12.10000 6.22301 0.32064
8.60000 -4.22295 -0.31135
6.40000 -5.73184 -0.40264
11.60000 -0.98356 -0.11536
5.10000 -7.66891 -0.51983
7.70000 -3.79477 -0.28544
15.20000 10.30371 0.56752
10.80000 1.28594 0.02194
13.40000 5.16008 0.25633
7.90000 -4.11214 -0.30464
8.40000 -4.90558 -0.35265
9.60000 -0.80982 -0.10485
9.10000 5.98361 0.30615
12.30000 0.90563 -0.00107
9.50000 -1.65113 -0.15575
14.50000 7.41452 0.39272
14.10000 8.04927 0.43113
10.50000 35.76200 2.10775
7.10000 -4.84265 -0.34884
8.30000 -2.74689 -0.22205
12.70000 3.27089 0.14203
11.00000 2.96856 0.12374
16.70000 12.92341 0.72601
11.70000 1.85775 0.05654
11.70000 4.85775 0.23804
13.20000 6.47745 0.33603
9.70000 0.03149 -0.05395
14.00000 7.20796 0.38023
17.20000 -110.87002 -6.76353
11.80000 3.69907 0.16794
15.50000 7.82765 0.41772
16.30000 12.55816 0.70391
15.60000 7.66897 0.40812
14.80000 7.93846 0.42442
10.30000 1.07937 0.00944
14.00000 8.20796 0.44073
9.00000 -1.85770 -0.16825
9.40000 -2.49245 -0.20665
11.00000 2.96856 0.12374
9.90000 -0.28588 -0.07315
8.70000 -3.38164 -0.26045
10.00000 0.55543 -0.02225
10.70000 38.44462 2.27005
12.70000 5.27089 0.26303
9.50000 -2.65113 -0.21625
8.80000 -3.54033 -0.27005
9.50000 -1.65113 -0.15575
7.50000 -3.47740 -0.26624
12.40000 6.74695 0.35233
9.90000 -1.28588 -0.13365
6.70000 -3.20790 -0.24994
10.30000 1.07937 0.00944
12.60000 3.42957 0.15163
7.80000 -3.95346 -0.29504
15.10000 7.46240 0.39562
8.20000 -4.58820 -0.33345
13.40000 7.16008 0.37733
15.00000 6.62109 0.34472
6.80000 -6.36659 -0.44104
9.60000 -0.80982 -0.10485
8.80000 -1.54033 -0.14905
8.20000 -4.58820 -0.33345
