7.80000 38.90000 -3.90094 -3.41967
238.20000 34.30000 0.52558 0.01468
135.20000 41.70000 0.33122 -0.13612
217.70000 33.50000 0.31686 -0.14726
241.70000 38.00000 0.75981 0.19641
206.80000 5.20000 -0.98796 -1.15961
139.20000 14.30000 0.37248 -0.10410
197.60000 3.50000 -0.74253 -0.96919
216.40000 41.70000 2.01287 1.16861
216.80000 43.90000 1.27507 0.59618
117.20000 14.70000 1.00365 0.38559
229.50000 32.30000 0.30532 -0.15621
56.20000 5.70000 2.31304 1.40150
187.80000 21.10000 0.25040 -0.19882
87.20000 11.80000 1.63037 0.87184
94.20000 4.90000 1.72547 0.94562
149.70000 35.60000 0.93033 0.32871
170.20000 7.80000 -0.30771 -0.63183
163.50000 36.80000 0.76959 0.20400
112.90000 17.40000 0.68574 0.13894
214.70000 24.00000 0.26563 -0.18700
129.40000 5.70000 1.26104 0.58529
195.40000 47.70000 1.63048 0.87192
177.00000 33.40000 -0.10032 -0.47093
184.90000 21.00000 0.30226 -0.15858
220.30000 49.00000 2.54237 1.57942
219.80000 33.50000 0.42069 -0.06670
75.30000 20.30000 1.25458 0.58028
184.90000 43.90000 1.13585 0.48817
123.10000 34.60000 0.23908 -0.20760
68.40000 44.50000 -0.74373 -0.97013
69.00000 9.30000 1.64048 0.87968
121.00000 8.40000 1.73088 0.94982
188.40000 18.10000 0.09494 -0.31944
50.00000 11.60000 1.17198 0.51620
120.50000 28.50000 0.52125 0.01132
97.20000 1.50000 2.13638 1.26443
168.40000 7.10000 -0.09181 -0.46433
222.40000 3.40000 -2.05911 -1.99067
193.20000 18.40000 0.11793 -0.30159
215.40000 23.60000 0.00984 -0.38546
175.70000 15.40000 0.39132 -0.08949
164.50000 20.90000 0.25549 -0.19487
218.50000 5.40000 -1.56187 -1.60488
120.20000 19.60000 1.23197 0.56274
89.70000 9.90000 1.87817 1.06410
16.90000 43.70000 -3.13288 -2.82377
248.80000 27.10000 -0.38698 -0.69334
70.60000 16.00000 1.48970 0.76270
38.20000 3.70000 2.41865 1.48343
