-15.00000 3.70645 1.96502
-14.38776 -0.78236 -0.41374
-13.77551 -0.63179 -0.33332
-13.16327 -1.73798 -0.91486
-12.55102 2.12217 1.11470
-11.93878 -4.22833 -2.21646
-11.32653 3.84777 2.01309
-10.71429 -1.18086 -0.61668
-10.10204 0.96303 0.50206
-9.48980 -0.19039 -0.09910
-8.87755 3.21596 1.67138
-8.26531 -3.84514 -1.99558
-7.65306 -0.38629 -0.20022
-7.04082 -0.52617 -0.27240
-6.42857 2.49288 1.28915
-5.81633 -1.99104 -1.02862
-5.20408 -0.15272 -0.07883
-4.59184 -1.58018 -0.81499
-3.97959 0.24336 0.12543
-3.36735 1.30797 0.67373
-2.75510 -2.07550 -1.06856
-2.14286 2.39858 1.23441
-1.53061 1.89571 0.97533
-0.91837 1.08092 0.55601
-0.30612 1.86104 0.95721
0.30612 -1.32473 -0.68136
0.91837 -0.21965 -0.11299
1.53061 -1.86201 -0.95799
2.14286 -0.54285 -0.27937
2.75510 1.03704 0.53391
3.36735 -1.42360 -0.73329
3.97959 -0.85038 -0.43829
4.59184 -1.44782 -0.74672
5.20408 -1.78049 -0.91902
5.81633 -1.44917 -0.74868
6.42857 -0.14861 -0.07685
7.04082 -2.37450 -1.22928
7.65306 0.31235 0.16189
8.26531 3.14652 1.63301
8.87755 1.29440 0.67272
9.48980 -0.58996 -0.30707
10.10204 -1.99815 -1.04170
10.71429 -1.73381 -0.90544
11.32653 3.12882 1.63694
11.93878 -0.17108 -0.08968
12.55102 -1.56328 -0.82114
13.16327 0.07594 0.03997
13.77551 3.87801 2.04599
14.38776 -0.09878 -0.05224
15.00000 0.87871 0.46586
