210.80000 49.60000 37.70000 2.13682 1.48718
202.50000 22.30000 31.60000 0.15862 0.07364
95.70000 1.40000 7.40000 1.80855 1.25262
280.20000 10.10000 21.40000 -3.11632 -2.26651
253.80000 21.30000 30.00000 -1.07047 -0.80463
283.60000 42.00000 66.20000 1.70801 1.18077
163.30000 31.60000 52.90000 0.61746 0.40150
180.80000 10.80000 58.40000 -0.54139 -0.42656
70.60000 16.00000 40.80000 1.34706 0.92285
215.40000 23.60000 57.60000 -0.22475 -0.20031
164.50000 20.90000 47.40000 0.06077 0.00372
69.20000 20.50000 18.30000 1.45980 1.00341
214.70000 24.00000 4.00000 0.13670 0.05797
109.80000 47.80000 51.40000 0.07147 0.01136
225.80000 8.20000 56.50000 -1.69159 -1.24845
125.70000 36.90000 79.20000 0.39826 0.24487
131.70000 18.40000 34.60000 0.46596 0.29325
290.70000 4.10000 8.50000 -4.52592 -3.27376
25.60000 39.00000 9.30000 -1.54327 -1.14248
210.70000 29.50000 9.30000 0.34347 0.20572
100.40000 9.60000 3.60000 1.34690 0.92274
67.80000 36.60000 114.00000 -0.29466 -0.25026
25.10000 25.70000 43.30000 -0.23414 -0.20701
107.40000 14.00000 10.90000 1.02775 0.69468
112.90000 17.40000 38.60000 0.51784 0.33032
188.40000 18.10000 25.60000 -0.12659 -0.13016
43.10000 26.70000 35.10000 0.35932 0.21705
248.80000 27.10000 22.90000 -0.54677 -0.43041
166.80000 42.00000 3.60000 1.40789 0.96632
240.10000 16.70000 22.90000 -1.30179 -0.96992
239.90000 41.50000 18.50000 1.63640 1.12961
234.50000 3.40000 84.80000 -2.80484 -2.04395
149.70000 35.60000 6.00000 1.03648 0.70092
170.20000 7.80000 35.20000 -0.67099 -0.51917
248.40000 30.20000 20.30000 0.22941 0.12422
184.90000 21.00000 22.00000 0.13231 0.05484
222.40000 3.40000 13.10000 -2.50400 -1.82897
129.40000 5.70000 31.30000 0.92271 0.61962
216.80000 43.90000 27.20000 1.38108 0.94716
19.60000 20.10000 17.00000 0.16167 0.07581
13.10000 0.40000 25.60000 1.62969 1.12481
90.40000 0.30000 23.20000 1.42240 0.97668
18.70000 12.10000 23.40000 0.70477 0.46389
204.10000 32.90000 46.00000 0.58502 0.37833
7.30000 28.10000 41.40000 -2.81868 -2.05383
147.30000 23.90000 19.10000 0.49097 0.31112
78.20000 46.80000 34.50000 -0.33698 -0.28050
228.00000 37.70000 32.00000 1.14117 0.77573
205.00000 45.10000 19.60000 2.03728 1.41606
229.50000 32.30000 74.20000 0.14619 0.06476
289.70000 42.30000 51.20000 1.29639 0.88665
123.10000 34.60000 12.40000 0.35014 0.21049
19.40000 16.00000 22.30000 -0.11475 -0.12170
182.60000 46.20000 58.70000 1.42238 0.97668
265.60000 20.00000 0.30000 -1.53996 -1.14011
165.60000 10.00000 17.60000 0.08908 0.02395
218.50000 5.40000 27.40000 -2.00053 -1.46921
25.00000 11.00000 29.70000 1.09155 0.74028
232.10000 8.60000 8.70000 -1.96953 -1.44706
43.00000 25.90000 20.50000 0.03231 -0.01662
